dataId: bffN
dataType: efficiencyMap
observedN: 70
expectedBG: 60.5
bgError: 6.1
upperLimit: 0.7756232686980609*fb
expectedUpperLimit: 0.5817174515235457*fb
