dataId: tN_diag_med
dataType: efficiencyMap
observedN: 115
expectedBG: 115
bgError: 31
upperLimit: 1.6066481994459834*fb
expectedUpperLimit: 1.6066481994459834*fb
