dataId: tN_diag_high
dataType: efficiencyMap
observedN: 19
expectedBG: 18.3
bgError: 2.2
upperLimit: 0.3047091412742382*fb
expectedUpperLimit: 0.3047091412742382*fb
