dataId: tN_diag_low
dataType: efficiencyMap
observedN: 34
expectedBG: 30.3
bgError: 5.9
upperLimit: 0.4709141274238227*fb
expectedUpperLimit: 0.5263157894736842*fb
