dataId: tN_med
dataType: efficiencyMap
observedN: 50
expectedBG: 36.3
bgError: 6.6
upperLimit: 0.8587257617728532*fb
expectedUpperLimit: 0.5263157894736842*fb
