dataId: bWN
dataType: efficiencyMap
observedN: 68
expectedBG: 71
bgError: 16
upperLimit: 0.8587257617728532*fb
expectedUpperLimit: 0.9141274238227146*fb
